1 0
3 1
4 0
7 1
9 0
10 0
11 1
12 0
13 0
14 0
15 1
18 0
21 1
22 0
25 0
27 0
29 1
30 1
31 0
34 0
37 0
38 0
40 0
42 0
45 1
48 1
49 0
51 0
53 0
56 1
57 0
59 0
62 0
65 1
68 1
71 1
74 1
77 0
78 0
80 0
82 0
85 0
88 1
90 1
91 0
92 0
94 0
97 0
100 1
103 0
106 1
107 0
110 0
111 0
113 0
116 0
119 1
120 1
123 0
125 1
127 0
129 0
131 1
134 1
135 0
136 1
137 1
139 0
140 1
143 0
144 0
147 1
149 0
151 1
152 0
153 1
155 0
158 1
159 0
161 0
163 1
165 1
167 1
169 1
171 0
173 1
174 1
177 1
178 0
179 1
181 1
184 0
185 0
187 0
190 1
193 0
194 1
196 1
197 0
198 0
201 1
204 0
206 1
207 0
209 1
212 0
214 1
217 0
219 0
220 0
221 1
223 0
225 0
227 0
228 1
230 1
232 0
234 1
235 1
237 0
239 0
241 1
244 0
246 1
247 0
249 0
251 0
253 0
254 1
257 0
258 0
261 1
264 1
265 0
266 1
269 1
270 0
272 1
274 0
276 0
277 0
280 1
283 0
285 1
287 1
288 0
289 1
291 1
293 0
295 0
297 1
299 0
300 1
301 1
302 1
303 1
305 1
307 0
309 1
310 0
312 0
313 1
316 0
319 0
322 0
323 1
324 0
325 0
327 1
328 0
329 1
331 1
332 1
333 0
335 1
337 0
339 0
341 0
344 1
346 1
347 1
350 0
352 1
355 0
357 0
360 0
363 0
365 0
367 1
370 0
372 0
374 0
376 1
378 0
380 1
382 0
385 1
386 0
387 0
390 0
